giang, 123456, 32 77 2 36 115 2 0 25 30 5 28 36 5 0 9 24 0 0 0 5 0 
78 66 67 67 72 76 0 0 
69 66 67 66 69 0 0 66 
76 72 68 70 78 70 68 78 
78 67 67 77 76 67 66 76 
72 66 66 78 78 72 77 66 
73 78 0 0 0 0 0 0 
77 79 70 79 71 78 0 0 
76 70 68 76 66 76 74 0 
79 73 78 66 79 77 0 0 
71 68 74 71 76 71 78 0 
0 0 0 0 0 0 0 0 
0 0 0 0 0 0 0 0 
0 0 0 0 0 0 0 0 
0 0 0 0 0 0 0 0 
0 0 0 0 0 0 0 0 
HieuLmao, hieu, 25 100 5 34 23 5 1 12 79 1 38 8 5 1 100 24 0 0 0 5 0 
0 0 72 77 79 0 73 75 
76 0 0 70 66 67 69 75 
67 0 70 68 75 66 70 75 
73 70 77 69 67 70 67 70 
79 69 76 68 66 66 69 72 
78 69 76 79 78 66 0 0 
67 78 79 65 67 69 78 66 
69 66 74 74 66 78 79 76 
78 77 78 70 69 77 67 72 
70 79 72 79 67 78 79 65 
0 0 0 0 0 0 0 0 
0 0 0 0 0 0 0 0 
0 0 0 0 0 0 0 0 
0 0 0 0 0 0 0 0 
0 0 0 0 0 0 0 0 
bthong, hieu, 29 103 5 34 23 5 1 11 90 1 38 8 5 0 29 30 0 0 0 5 0 
0 0 72 77 79 0 73 75 
76 0 0 70 66 67 69 75 
67 0 70 68 75 66 70 75 
73 70 77 69 67 70 67 70 
79 69 76 68 66 66 69 72 
78 69 76 79 78 66 0 0 
67 78 79 65 67 69 78 66 
69 66 74 74 66 78 79 76 
78 77 78 70 69 77 67 72 
70 79 72 79 67 78 79 65 
0 0 0 0 0 0 0 0 
0 0 0 0 0 0 0 0 
0 0 0 0 0 0 0 0 
0 0 0 0 0 0 0 0 
0 0 0 0 0 0 0 0 
minhnguyen, hieu, 24 90 5 34 23 5 1 13 69 1 38 8 5 0 31 32 0 0 0 5 0 
0 0 72 77 79 0 73 75 
76 0 0 70 66 67 69 75 
67 0 70 68 75 66 70 75 
73 70 77 69 67 70 67 70 
79 69 76 68 66 66 69 72 
78 69 76 79 78 66 0 0 
67 78 79 65 67 69 78 66 
69 66 74 74 66 78 79 76 
78 77 78 70 69 77 67 72 
70 79 72 79 67 78 79 65 
0 0 0 0 0 0 0 0 
0 0 0 0 0 0 0 0 
0 0 0 0 0 0 0 0 
0 0 0 0 0 0 0 0 
0 0 0 0 0 0 0 0 
hhhh, helo, 0 0 0 0 0 5 0 0 0 0 0 0 5 0 0 0 0 0 0 5 0 
0 0 0 0 0 0 0 0 
0 0 0 0 0 0 0 0 
0 0 0 0 0 0 0 0 
0 0 0 0 0 0 0 0 
0 0 0 0 0 0 0 0 
0 0 0 0 0 0 0 0 
0 0 0 0 0 0 0 0 
0 0 0 0 0 0 0 0 
0 0 0 0 0 0 0 0 
0 0 0 0 0 0 0 0 
0 0 0 0 0 0 0 0 
0 0 0 0 0 0 0 0 
0 0 0 0 0 0 0 0 
0 0 0 0 0 0 0 0 
0 0 0 0 0 0 0 0 
